User,exerciseType,rep_count,t (sec),acc_x,acc_y,acc_z,gyro_x,gyro_y,gyro_z,magnet_x,magnet_y,magnet_z
Isha,bicep curl,0,0.0,0.04,-0.03,0.04,-261,1554,1162,30.36,118.68,-168.36
Isha,bicep curl,0,0.15932297706604004,0.32,0.58,-0.23,9065,2515,-576,31.28,116.84,-169.28
Isha,bicep curl,0,0.24492502212524414,0.43,0.91,-0.36,5179,1088,56,32.2,114.08,-173.88
Isha,bicep curl,0,0.3585209846496582,0.5,1.08,-0.42,7110,4,90,30.36,117.76,-184.0
Isha,bicep curl,0,0.4800870418548584,0.52,1.16,-0.44,7021,-478,35,29.44,116.84,-181.24
Isha,bicep curl,0,0.6392970085144043,0.52,1.21,-0.46,6950,1748,641,26.68,117.76,-185.84
Isha,bicep curl,0,0.7385990619659424,0.54,1.24,-0.48,7820,2427,819,26.68,119.6,-191.36
Isha,bicep curl,0,0.8584940433502197,0.69,1.3,-0.47,9061,-11852,-2936,27.6,119.6,-172.96
Isha,bicep curl,0,0.9811458587646484,0.45,1.24,-0.49,9959,-31792,-8566,92.92,96.6,-100.28
Isha,bicep curl,0,1.1387250423431396,0.17,1.13,-0.27,6906,-32752,-8682,296.24,81.88,-47.84
Isha,bicep curl,0,1.2394959926605225,-0.05,1.16,-0.0,5490,-32752,-1933,429.64,87.4,-139.84
Isha,bicep curl,0,1.3583900928497314,-0.15,1.18,0.24,5529,-31956,-195,-20961.28,-14602.24,296.24
Isha,bicep curl,0,1.48248291015625,-0.1,1.08,0.58,486,-5168,247,435.16,113.16,-359.72
Isha,bicep curl,0,1.6383988857269287,0.04,0.9,0.81,-15340,-1664,-883,423.2,172.04,-444.36
Isha,bicep curl,0,1.738412857055664,0.18,0.65,0.93,-18816,4462,-2053,425.04,294.4,-527.16
Isha,bicep curl,0,1.8498198986053467,0.23,0.25,0.88,-17316,3284,-2878,443.44,510.6,-549.24
Isha,bicep curl,0,1.9636468887329102,0.21,-0.19,0.67,-15266,5283,-280,459.08,638.48,-509.68
Isha,bicep curl,0,2.0912859439849854,0.21,-0.51,0.47,-9195,5615,-1912,470.12,727.72,-431.48
Isha,bicep curl,0,2.2393839359283447,0.25,-0.74,0.22,546,1010,-1767,464.6,772.8,-349.6
Isha,bicep curl,0,2.3424129486083984,0.23,-0.91,0.01,15705,3461,-493,464.6,776.48,-356.04
Isha,bicep curl,0,2.4674088954925537,0.21,-0.85,0.03,30310,-3095,4000,461.84,737.84,-423.2
Isha,bicep curl,0,2.5874030590057373,0.32,-0.64,0.38,32752,1948,6153,469.2,614.56,-512.44
Isha,bicep curl,0,2.7385940551757812,0.22,-0.37,0.86,32391,-1080,-442,460.0,405.72,-542.8
Isha,bicep curl,0,2.838923931121826,0.06,0.03,0.8,24210,-405,-1057,443.44,301.76,-515.2
Isha,bicep curl,0,2.9721949100494385,0.17,0.48,0.83,28610,2968,-638,460.92,221.72,-460.0
Isha,bicep curl,0,3.138566017150879,0.18,0.77,0.77,22807,-245,-2476,450.8,149.04,-388.24
Isha,bicep curl,0,3.239305019378662,0.18,0.92,0.65,16191,1306,-905,454.48,119.6,-337.64
Isha,bicep curl,0,3.3460490703582764,0.18,1.0,0.67,4846,2382,1081,448.96,113.16,-330.28
Isha,bicep curl,0,3.458400011062622,0.26,1.06,0.77,-9595,140,3015,440.68,129.72,-368.92
Isha,bicep curl,0,3.5800180435180664,0.22,0.86,0.85,-16040,1615,3668,422.28,225.4,-488.52
Isha,bicep curl,0,3.7393360137939453,0.24,0.6,0.82,-14599,5023,2427,430.56,339.48,-536.36
Isha,bicep curl,0,3.8386380672454834,0.29,0.18,0.85,-12407,1091,2361,444.36,448.04,-551.08
Isha,bicep curl,0,3.943558931350708,0.23,-0.19,0.75,-10190,3914,537,448.96,554.76,-540.96
Isha,bicep curl,0,4.082499027252197,0.22,-0.54,0.58,-9992,1649,1511,460.0,672.52,-482.08
Isha,bicep curl,0,4.239326000213623,0.14,-0.79,0.29,-4801,-868,1396,471.04,726.8,-431.48
Isha,bicep curl,0,4.339050054550171,0.06,-0.89,0.09,3996,4278,840,472.88,753.48,-391.0
Isha,bicep curl,0,4.448742866516113,0.02,-0.94,-0.05,16660,5425,-977,484.84,743.36,-385.48
Isha,bicep curl,0,4.565988063812256,0.01,-0.84,-0.07,29948,18,-692,480.24,699.2,-446.2
Isha,bicep curl,0,4.709964990615845,0.2,-0.74,0.33,31794,1138,2409,466.44,591.56,-519.8
Isha,bicep curl,0,4.838793992996216,0.18,-0.48,0.64,30250,4517,-461,457.24,236.44,-548.32
Isha,bicep curl,0,4.965120077133179,0.22,-0.1,0.88,28364,2117,1096,450.8,306.36,-514.28
Isha,bicep curl,0,5.056235074996948,0.09,0.28,0.76,23091,-4016,-1044,432.4,220.8,-475.64
Isha,bicep curl,0,5.1924989223480225,0.29,0.6,0.79,24594,6932,-1442,425.96,156.4,-424.12
Isha,bicep curl,0,5.338202953338623,0.11,0.88,0.61,23628,897,-1983,446.2,105.8,-322.0
Isha,bicep curl,0,5.456230878829956,0.17,1.03,0.61,18543,640,-1039,454.48,97.52,-270.48
Isha,bicep curl,0,5.547359943389893,0.03,1.09,0.49,5880,-5583,480,454.48,97.52,-264.96
Isha,bicep curl,0,5.692486047744751,0.17,1.08,0.65,-7390,331,1739,444.36,103.96,-313.72
Isha,bicep curl,0,5.839200019836426,0.22,1.08,0.75,-18545,-5021,1943,431.48,151.8,-412.16
Isha,bicep curl,0,5.938901901245117,0.27,0.75,0.9,-19744,2445,4955,399.28,315.56,-540.04
Isha,bicep curl,0,6.061070919036865,0.23,0.35,0.84,-15358,7337,4312,423.2,460.0,-561.2
Isha,bicep curl,0,6.177480936050415,0.26,-0.13,0.69,-15966,2183,2066,443.44,586.96,-535.44
Isha,bicep curl,0,6.3392229080200195,0.22,-0.51,0.49,-9167,6693,1227,464.6,707.48,-449.88
Isha,bicep curl,0,6.445952892303467,0.19,-0.77,0.24,-4639,-703,486,473.8,747.04,-388.24
Isha,bicep curl,0,6.558618068695068,0.06,-0.9,-0.03,4287,361,-1525,469.2,769.12,-354.2
Isha,bicep curl,0,6.676115036010742,0.12,-0.95,-0.11,20301,1693,-1907,469.2,771.88,-356.96
Isha,bicep curl,0,6.83925199508667,0.18,-0.86,0.02,29909,-930,-266,458.16,717.6,-448.96
Isha,bicep curl,0,6.938390016555786,0.18,-0.77,0.51,32752,2497,-796,436.08,598.92,-537.28
Isha,bicep curl,0,7.060795068740845,0.17,-0.38,0.55,32112,-5628,-2364,412.16,453.56,-563.04
Isha,bicep curl,0,7.181082010269165,0.37,0.05,0.86,32449,5736,-1159,413.08,264.96,-509.68
Isha,bicep curl,0,7.339197874069214,0.28,0.49,0.82,28149,-180,-2806,414.92,172.04,-441.6
Isha,bicep curl,0,7.439198970794678,0.25,0.86,0.67,25431,5505,-5821,416.76,116.84,-369.84
Isha,bicep curl,0,7.539155006408691,0.26,0.95,0.65,16206,-4957,-646,433.32,96.6,-316.48
Isha,bicep curl,0,7.682520866394043,0.24,1.05,0.69,5110,7193,1801,422.28,97.52,-321.08
Isha,bicep curl,0,7.839205026626587,0.45,1.14,0.75,-12238,-1441,4415,419.52,114.08,-370.76
Isha,bicep curl,0,7.938318967819214,0.44,0.96,0.88,-20342,717,3248,382.72,200.56,-480.24
Isha,bicep curl,0,8.039145946502686,0.41,0.58,0.87,-18127,4348,6234,378.12,345.0,-552.92
Isha,bicep curl,0,8.178730010986328,0.42,0.13,0.84,-16354,3559,3569,404.8,533.6,-557.52
Isha,bicep curl,0,8.339257001876831,0.32,-0.28,0.62,-12393,3662,3857,423.2,648.6,-513.36
Isha,bicep curl,0,8.438490867614746,0.24,-0.62,0.4,-8473,4479,1955,455.4,723.12,-447.12
Isha,bicep curl,0,8.539139032363892,0.2,-0.81,0.17,-1027,2772,3763,477.48,760.84,-374.44
Isha,bicep curl,0,8.671366930007935,0.09,-0.96,-0.02,7148,2688,146,486.68,761.76,-350.52
Isha,bicep curl,0,8.839231014251709,0.03,-1.0,-0.1,14413,-2017,-1023,487.6,758.08,-362.48
Isha,bicep curl,0,8.939287900924683,0.09,-0.89,0.02,27474,102,-3849,465.52,739.68,-418.6
Isha,bicep curl,0,9.049943923950195,0.25,-0.83,0.38,32486,-7159,-1878,420.44,618.24,-529.0
Isha,bicep curl,0,9.171032905578613,0.23,-0.53,0.35,31910,-5202,-7794,366.16,485.76,-568.56
Isha,bicep curl,0,9.339255094528198,0.47,-0.03,0.61,32589,7288,-8033,384.56,344.08,-552.92
Isha,bicep curl,0,9.43914794921875,0.31,0.45,0.63,31611,-1540,-6367,401.12,175.72,-453.56
Isha,bicep curl,0,9.54640007019043,0.42,0.87,0.69,29678,2124,-7727,413.08,116.84,-376.28
Isha,bicep curl,0,9.65872597694397,0.23,1.04,0.53,15436,1973,-1404,449.88,102.12,-297.16
Isha,bicep curl,0,9.777422904968262,0.39,1.08,0.61,-123,-2097,2760,438.84,98.44,-293.48
Isha,bicep curl,0,9.939090013504028,0.37,1.14,0.67,-11530,-898,6891,390.08,127.88,-400.2
Isha,bicep curl,0,10.038712978363037,0.6,1.14,0.84,-17586,9388,7108,378.12,198.72,-489.44
Isha,bicep curl,0,10.171217918395996,0.52,0.66,0.94,-21405,7490,6287,379.04,351.44,-553.84
Isha,bicep curl,0,10.338515043258667,0.41,0.19,0.82,-18874,10268,3838,418.6,512.44,-554.76
Isha,bicep curl,0,10.438515901565552,0.3,-0.3,0.62,-17185,6465,721,488.52,678.96,-464.6
Isha,bicep curl,0,10.538914918899536,0.2,-0.58,0.3,-10749,3255,1990,502.32,738.76,-376.28
Isha,bicep curl,0,10.657419919967651,0.12,-0.75,0.0,-1148,-3355,823,505.08,762.68,-320.16
Isha,bicep curl,0,10.784868001937866,-0.08,-0.92,-0.19,9098,-448,724,501.4,764.52,-315.56
Isha,bicep curl,0,10.939183950424194,-0.05,-0.95,-0.21,22702,9610,-3727,501.4,756.24,-340.4
Isha,bicep curl,0,11.039180040359497,0.05,-0.77,-0.11,32704,-3130,-2057,498.64,719.44,-414.92
Isha,bicep curl,0,11.156056880950928,0.13,-0.47,0.37,32751,-8365,-1868,448.96,610.88,-522.56
Isha,bicep curl,0,11.296107053756714,0.29,-0.26,0.64,32454,-1286,-5310,387.32,413.08,-566.72
Isha,bicep curl,0,11.439185857772827,0.3,0.39,0.55,30713,-10365,-6261,365.24,267.72,-520.72
Isha,bicep curl,0,11.538891077041626,0.38,0.78,0.72,30633,10106,-6981,362.48,156.4,-452.64
Isha,bicep curl,0,11.649893999099731,0.3,1.1,0.67,25208,-3489,-6946,416.76,99.36,-336.72
Isha,bicep curl,0,11.77110505104065,0.37,0.99,0.57,14672,-14846,-3420,431.48,96.6,-286.12
Isha,bicep curl,0,11.941267013549805,0.57,0.99,0.67,-5078,5050,4291,410.32,94.76,-306.36
Isha,bicep curl,0,12.038564920425415,0.62,1.16,0.75,-21256,-5586,10780,364.32,138.0,-421.36
Isha,bicep curl,0,12.148782014846802,0.74,0.84,0.89,-23628,5582,13758,299.0,333.96,-557.52
Isha,bicep curl,0,12.278668880462646,0.7,0.33,0.89,-20676,4977,11023,324.76,514.28,-577.76
Isha,bicep curl,0,12.43847107887268,0.57,-0.15,0.62,-19376,-3739,13255,343.16,676.2,-524.4
Isha,bicep curl,0,12.5383780002594,0.32,-0.53,0.28,-8143,8804,9579,425.96,766.36,-416.76
Isha,bicep curl,0,12.654815912246704,0.19,-0.78,0.02,-3545,2979,4688,469.2,774.64,-347.76
Isha,bicep curl,0,12.791307926177979,-0.07,-0.84,-0.26,3257,-5349,140,484.84,780.16,-314.64
Isha,bicep curl,0,12.93887996673584,-0.09,-0.94,-0.32,19820,9530,-6218,464.6,786.6,-324.76
Isha,bicep curl,0,13.04734492301941,0.07,-0.85,-0.26,30116,1270,-6204,444.36,763.6,-409.4
Isha,bicep curl,0,13.164920091629028,0.32,-0.75,0.3,32752,-2626,-7704,373.52,668.84,-513.36
Isha,bicep curl,0,13.33888292312622,0.18,-0.45,0.59,32752,-8686,-11180,325.68,497.72,-576.84
Isha,bicep curl,0,13.437747955322266,0.5,0.1,0.68,30922,-1392,-8593,302.68,284.28,-541.88
Isha,bicep curl,0,13.539896011352539,0.58,0.55,0.69,28355,2243,-8540,325.68,172.04,-469.2
Isha,bicep curl,0,13.654860019683838,0.5,0.84,0.7,22645,1871,-6539,367.08,113.16,-399.28
Isha,bicep curl,0,13.769711017608643,0.46,1.04,0.6,21482,13253,-5780,404.8,87.4,-321.08
Isha,bicep curl,0,13.939126014709473,0.41,1.13,0.55,8420,-8814,1426,425.96,83.72,-269.56
Isha,bicep curl,0,14.041297912597656,0.6,1.14,0.65,-10431,-12346,5125,402.04,88.32,-319.24
Isha,bicep curl,0,14.157473087310791,0.69,1.14,0.8,-21916,-5891,13234,315.56,161.92,-463.68
Isha,bicep curl,0,14.281207084655762,0.79,0.74,0.88,-21776,7696,17965,263.12,320.16,-559.36
Isha,bicep curl,0,14.438889980316162,0.65,0.21,0.75,-16923,10570,11813,317.4,552.92,-569.48
Isha,bicep curl,0,14.539123058319092,0.54,-0.27,0.61,-9173,10672,5100,396.52,660.56,-520.72
Isha,bicep curl,0,14.657427072525024,0.36,-0.61,0.39,-8767,-1045,3956,442.52,724.04,-453.56
Isha,bicep curl,0,14.777371883392334,0.21,-0.84,0.15,-5613,-689,4828,447.12,761.76,-400.2
Isha,bicep curl,0,14.939029932022095,0.0,-0.91,-0.12,1910,3133,3828,475.64,776.48,-336.72
Isha,bicep curl,0,15.041164875030518,-0.06,-0.92,-0.27,17078,7831,-3891,483.0,775.56,-331.2
Isha,bicep curl,0,15.1663658618927,0.03,-0.87,-0.21,31056,-1941,-6010,457.24,760.84,-399.28
Isha,bicep curl,0,15.339078903198242,0.19,-0.68,0.05,32752,-9983,-5651,388.24,632.04,-535.44
Isha,bicep curl,0,15.43875002861023,0.48,-0.43,0.51,32023,966,-12931,328.44,476.56,-580.52
Isha,bicep curl,0,15.538990020751953,0.57,-0.07,0.7,29744,260,-9378,320.16,333.04,-558.44
Isha,bicep curl,0,15.649928092956543,0.7,0.34,0.8,25730,-1090,-10654,329.36,225.4,-509.68
Isha,bicep curl,0,15.80624794960022,0.56,0.71,0.73,22553,-536,-7109,355.12,142.6,-437.92
Isha,bicep curl,0,15.938562870025635,0.53,0.9,0.65,18712,3672,-7419,392.84,120.52,-388.24
Isha,bicep curl,0,16.038794994354248,0.55,0.99,0.63,11546,1741,-1324,417.68,110.4,-355.12
Isha,bicep curl,0,16.148546934127808,0.53,1.04,0.64,2186,-2141,2992,415.84,111.32,-356.04
Isha,bicep curl,0,16.284807920455933,0.56,1.07,0.71,-9135,1559,9350,368.92,140.76,-429.64
Isha,bicep curl,0,16.439089059829712,0.63,0.93,0.84,-18803,-295,10963,324.76,240.12,-517.96
Isha,bicep curl,0,16.538817882537842,0.62,0.52,0.86,-16960,4294,13260,302.68,397.44,-575.0
Isha,bicep curl,0,16.671263933181763,0.58,0.06,0.74,-13908,7368,8795,340.4,538.2,-573.16
Isha,bicep curl,0,16.838464975357056,0.45,-0.38,0.55,-15031,1827,4875,387.32,697.36,-502.32
Isha,bicep curl,0,16.937870979309082,0.27,-0.65,0.26,-6824,5687,6714,421.36,757.16,-430.56
Isha,bicep curl,0,17.039088010787964,0.22,-0.89,0.06,-891,1107,3697,450.8,774.64,-371.68
Isha,bicep curl,0,17.162580966949463,0.07,-0.98,-0.15,5046,-2554,1009,460.92,780.16,-347.76
Isha,bicep curl,0,17.27876091003418,-0.01,-1.02,-0.24,16253,2267,-2768,448.96,778.32,-368.0
Isha,bicep curl,0,17.438514947891235,0.08,-0.96,-0.11,26559,8082,-6966,432.4,752.56,-423.2
Isha,bicep curl,0,17.537529945373535,0.24,-0.78,0.13,32751,-346,-3863,416.76,676.2,-501.4
Isha,bicep curl,0,17.662317991256714,0.4,-0.56,0.51,32728,89,-4870,383.64,529.0,-561.2
Isha,bicep curl,0,17.83799386024475,0.32,-0.08,0.74,32681,532,-6233,365.24,319.24,-543.72
Isha,bicep curl,0,17.93898606300354,0.58,0.39,0.84,28003,-9133,-5460,352.36,195.04,-481.16
Isha,bicep curl,0,18.041239976882935,0.43,0.66,0.83,22946,-4932,-7660,340.4,134.32,-426.88
Isha,bicep curl,0,18.15502905845642,0.52,0.96,0.69,19980,7837,-7947,393.76,103.04,-360.64
Isha,bicep curl,0,18.27512788772583,0.43,1.09,0.59,11146,-3930,-1680,438.84,98.44,-313.72
Isha,bicep curl,0,18.43898296356201,0.6,1.12,0.61,340,2195,3647,412.16,103.04,-335.8
Isha,bicep curl,0,18.538953065872192,0.58,1.18,0.67,-14291,2947,10043,368.92,127.88,-403.88
Isha,bicep curl,0,18.63849687576294,0.7,1.03,0.76,-21685,-1418,13798,320.16,230.0,-513.36
Isha,bicep curl,0,18.76486301422119,0.73,0.56,0.75,-16303,4841,12653,287.04,441.6,-575.0
Isha,bicep curl,0,18.939051866531372,0.63,0.09,0.68,-10056,5332,11223,317.4,569.48,-566.72
Isha,bicep curl,0,19.03902506828308,0.53,-0.36,0.56,-7871,11938,4852,376.28,660.56,-525.32
Isha,bicep curl,0,19.163856029510498,0.36,-0.66,0.36,-8698,-1236,7191,425.04,721.28,-464.6
Isha,bicep curl,0,19.33901596069336,0.14,-0.81,0.13,-4732,-665,5533,457.24,761.76,-386.4
Isha,bicep curl,0,19.437860012054443,-0.06,-0.93,-0.12,5092,-675,-328,462.76,773.72,-356.96
Isha,bicep curl,0,19.538793087005615,0.02,-1.02,-0.2,15751,11108,-7759,451.72,778.32,-368.0
Isha,bicep curl,0,19.655030965805054,0.13,-0.9,-0.1,28064,-100,-6842,425.04,759.92,-416.76
Isha,bicep curl,0,19.777554035186768,0.36,-0.73,0.06,32682,-5530,-8089,353.28,637.56,-539.12
Isha,bicep curl,0,19.939008951187134,0.42,-0.44,0.37,32541,-2562,-10550,302.68,482.08,-581.44
Isha,bicep curl,0,20.041213035583496,0.71,-0.0,0.85,31200,7902,-10556,293.48,320.16,-556.6
Isha,bicep curl,0,20.15890097618103,0.64,0.41,0.82,28799,-6888,-10495,316.48,197.8,-495.88
Isha,bicep curl,0,20.28746199607849,0.73,0.88,0.69,25305,2111,-12714,370.76,112.24,-397.44
Isha,bicep curl,0,20.43897795677185,0.59,1.04,0.58,14237,2026,-4699,403.88,101.2,-346.84
Isha,bicep curl,0,20.53876304626465,0.75,1.08,0.59,-1411,-471,5616,410.32,103.04,-350.52
Isha,bicep curl,0,20.655171871185303,0.76,1.1,0.67,-9027,2463,10385,363.4,125.12,-413.08
Isha,bicep curl,0,20.77859091758728,0.83,0.96,0.81,-17794,5521,14154,305.44,239.2,-518.88
Isha,bicep curl,0,20.93811297416687,0.78,0.6,0.92,-21343,974,12542,280.6,407.56,-576.84
Isha,bicep curl,0,21.041128873825073,0.73,0.08,0.76,-18102,7839,13385,307.28,585.12,-564.88
Isha,bicep curl,0,21.162457942962646,0.51,-0.31,0.5,-10110,2399,9874,376.28,697.36,-499.56
Isha,bicep curl,0,21.33800506591797,0.35,-0.66,0.25,-3090,3864,3623,424.12,758.08,-418.6
Isha,bicep curl,0,21.438437938690186,0.26,-0.87,0.07,1683,2494,2882,446.2,774.64,-380.88
Isha,bicep curl,0,21.538903951644897,0.13,-1.04,-0.08,3817,-636,2045,460.0,779.24,-359.72
Isha,bicep curl,0,21.65363907814026,0.02,-1.12,-0.16,5950,2095,-462,459.08,781.08,-347.76
Isha,bicep curl,0,21.766144037246704,0.02,-1.14,-0.22,7359,2305,-479,456.32,786.6,-336.72
Isha,bicep curl,0,21.938395023345947,0.02,-1.13,-0.23,9151,2596,-1481,454.48,787.52,-332.12
Isha,bicep curl,0,22.037769079208374,0.07,-1.18,-0.22,9683,1043,-820,445.28,789.36,-339.48
Isha,bicep curl,0,22.154003858566284,0.08,-1.2,-0.21,9110,1691,-1027,441.6,788.44,-343.16
Isha,bicep curl,0,22.26230502128601,0.1,-1.22,-0.21,8874,2382,-1301,433.32,796.72,-350.52
Isha,bicep curl,0,22.438950061798096,0.14,-1.23,-0.22,7927,2206,-1538,427.8,798.56,-345.92
Isha,bicep curl,0,22.538006067276,0.15,-1.23,-0.22,8431,2109,-1172,426.88,801.32,-348.68
Isha,bicep curl,0,22.637933015823364,0.18,-1.21,-0.2,9264,1440,-532,422.28,796.72,-347.76
Isha,bicep curl,0,22.755043029785156,0.2,-1.22,-0.19,10228,321,-787,417.68,799.48,-356.96
Isha,bicep curl,0,22.90003204345703,0.24,-1.21,-0.13,11767,578,-455,409.4,791.2,-373.52
Isha,bicep curl,0,23.038997888565063,0.22,-1.22,-0.13,9379,-5787,2867,402.96,780.16,-397.44
Isha,bicep curl,0,23.147536993026733,0.16,-1.21,-0.11,10031,-2636,1033,389.16,774.64,-412.16
Isha,bicep curl,0,23.26114797592163,0.09,-1.14,-0.1,12347,1748,329,382.72,769.12,-426.88
Isha,bicep curl,0,23.438942909240723,0.15,-0.9,-0.05,26883,4479,-9961,379.96,739.68,-460.92
Isha,bicep curl,0,23.538366079330444,0.27,-0.67,0.26,32752,1564,-15939,298.08,572.24,-563.96
Isha,bicep curl,0,23.656157970428467,0.53,-0.17,0.47,32752,-1126,-8517,299.92,372.6,-567.64
Isha,bicep curl,0,23.777662992477417,0.61,0.25,0.82,32737,4750,-1655,313.72,204.24,-493.12
Isha,bicep curl,0,23.937957048416138,0.62,0.74,0.74,28103,13216,-4749,327.52,94.76,-380.88
Isha,bicep curl,0,24.038899898529053,0.31,1.0,0.6,21012,4374,-4127,396.52,64.4,-251.16
Isha,bicep curl,0,24.138486862182617,0.08,1.13,0.4,16855,26169,-2224,410.32,61.64,-166.52
Isha,bicep curl,0,24.253599882125854,0.02,1.2,0.2,11018,16988,334,370.76,68.08,-95.68
Isha,bicep curl,0,24.37494206428528,0.07,1.25,0.06,10286,496,1286,337.64,69.92,-72.68
Isha,bicep curl,0,24.538506031036377,-0.02,1.3,-0.0,7998,-10218,-201,356.96,76.36,-76.36
Isha,bicep curl,0,24.63887095451355,-0.05,1.3,-0.01,6591,-4518,-948,395.6,74.52,-98.44
Isha,bicep curl,0,24.771410942077637,-0.07,1.33,-0.01,8138,1456,-751,402.96,71.76,-110.4
Isha,bicep curl,0,24.938164949417114,-0.07,1.32,-0.02,8536,4406,27,402.04,76.36,-110.4
Isha,bicep curl,0,25.037962913513184,-0.08,1.31,-0.04,6629,6411,-59,400.2,76.36,-106.72
